/home/viki/Underwater-world/sequences/rand_target/left.144.jpg
/home/viki/Underwater-world/sequences/rand_target/right.144.jpg
True
True
/home/viki/Underwater-world/sequences/rand_target/left.145.jpg
/home/viki/Underwater-world/sequences/rand_target/right.145.jpg
True
True
/home/viki/Underwater-world/sequences/rand_target/left.172.jpg
/home/viki/Underwater-world/sequences/rand_target/right.172.jpg
True
True
/home/viki/Underwater-world/sequences/rand_target/left.5.jpg
/home/viki/Underwater-world/sequences/rand_target/right.5.jpg
True
True
/home/viki/Underwater-world/sequences/rand_target/left.88.jpg
/home/viki/Underwater-world/sequences/rand_target/right.88.jpg
True
True
about to call
Dimensions (1280, 720)
Rotation matrix r1 [array([[ 0.55370956],
       [-0.17644251],
       [ 2.86432197]]), array([[ 0.55297529],
       [-0.16706948],
       [ 2.86193956]]), array([[ 0.49499535],
       [ 0.21638905],
       [ 2.91213045]]), array([[-0.49121382],
       [ 0.09323233],
       [ 0.11689761]]), array([[ 0.12400501],
       [ 0.04138015],
       [ 0.11516495]])]
Rotation matrix r2 [array([[ 0.65842985],
       [-0.14521437],
       [ 2.83003979]]), array([[ 0.65889979],
       [-0.13599579],
       [ 2.8279127 ]]), array([[ 0.57415972],
       [ 0.23654655],
       [ 2.89037123]]), array([[-0.51758531],
       [ 0.13932351],
       [ 0.12612276]]), array([[ 0.10877026],
       [ 0.08666524],
       [ 0.11188577]])]
Translation matrix t1 [array([[  7.42006783],
       [  1.63312871],
       [ 21.87528692]]), array([[  7.33680143],
       [  1.48271499],
       [ 21.93068874]]), array([[  5.76159804],
       [  0.79521207],
       [ 23.84667956]]), array([[ -0.44163104],
       [ -4.36336249],
       [ 34.85339302]]), array([[  2.64070942],
       [ -2.98158691],
       [ 24.63856613]])]
Translation matrix t2 [array([[  4.78263911],
       [  2.24719129],
       [ 22.06464607]]), array([[  4.69914093],
       [  2.10128901],
       [ 22.12677918]]), array([[  3.2959178 ],
       [  1.47876522],
       [ 24.40145018]]), array([[ -2.36910309],
       [ -3.34756061],
       [ 35.92742299]]), array([[  0.21045773],
       [ -2.26934068],
       [ 25.33406327]])]
('Intrinsic_mtx_1', array([[  1.58842944e+03,   0.00000000e+00,   5.48055487e+02],
       [  0.00000000e+00,   1.56506081e+03,   4.11765180e+02],
       [  0.00000000e+00,   0.00000000e+00,   1.00000000e+00]]))
('dist_1', array([[ 0.14868159, -1.37164372,  0.00724292, -0.04768035,  4.68732989]]))
('Intrinsic_mtx_2', array([[  1.61366017e+03,   0.00000000e+00,   5.24453540e+02],
       [  0.00000000e+00,   1.59884582e+03,   3.62093183e+02],
       [  0.00000000e+00,   0.00000000e+00,   1.00000000e+00]]))
('dist_2', array([[ 0.09268137, -0.37758744,  0.00300732, -0.04201061,  0.66927691]]))
('R', array([[  9.98698070e-01,   8.71704666e-04,   5.10039759e-02],
       [ -2.40593453e-03,   9.99546194e-01,   3.00269354e-02],
       [ -5.09546554e-02,  -3.01105547e-02,   9.98246952e-01]]))
('T', array([[-3.68991281],
       [-0.02731434],
       [ 0.86957207]]))
('E', array([[  3.48392613e-03,  -8.68355006e-01,  -5.33770386e-02],
       [  6.80421714e-01,  -1.10347311e-01,   3.72779585e+00],
       [  3.61564648e-02,  -3.68821450e+00,  -1.09403634e-01]]))
('F', array([[ -2.39476723e-07,   6.05798776e-05,  -1.89854748e-02],
       [ -4.72039158e-05,   7.76959407e-06,  -3.88118928e-01],
       [  1.32073670e-02,   3.80617249e-01,   1.00000000e+00]]))
('New_cam_matrix_1\n', array([[  1.59577832e+03,   0.00000000e+00,   5.18802758e+02],
       [  0.00000000e+00,   1.62147290e+03,   4.13699127e+02],
       [  0.00000000e+00,   0.00000000e+00,   1.00000000e+00]]))
R1
[[ 0.98371511  0.01495659 -0.17911139]
 [-0.01230516  0.99979778  0.01590515]
 [ 0.17931306 -0.01344214  0.98370023]]
R2
[[ 0.97331202  0.00720488 -0.22937262]
 [-0.01060638  0.99985126 -0.01360019]
 [ 0.22924051  0.01567004  0.97324367]]
P1
[[  1.56506081e+03   0.00000000e+00   8.83495800e+02   0.00000000e+00]
 [  0.00000000e+00   1.56506081e+03   3.87763466e+02   0.00000000e+00]
 [  0.00000000e+00   0.00000000e+00   1.00000000e+00   0.00000000e+00]]
P2
[[  1.56506081e+03   0.00000000e+00   8.83495800e+02  -5.93328531e+03]
 [  0.00000000e+00   1.56506081e+03   3.87763466e+02   0.00000000e+00]
 [  0.00000000e+00   0.00000000e+00   1.00000000e+00   0.00000000e+00]]
Q
[[  1.00000000e+00   0.00000000e+00   0.00000000e+00  -8.83495800e+02]
 [  0.00000000e+00   1.00000000e+00   0.00000000e+00  -3.87763466e+02]
 [  0.00000000e+00   0.00000000e+00   0.00000000e+00   1.56506081e+03]
 [  0.00000000e+00   0.00000000e+00   2.63776428e-01  -0.00000000e+00]]
roi1
(43, 15, 1237, 677)
roi2
(0, 22, 1246, 668)
